# relative_time, cycles_done, cur_item, corpus_count, pending_total, pending_favs, map_size, saved_crashes, saved_hangs, max_depth, execs_per_sec, total_execs, edges_found
61, 7, 77, 96, 53, 7, 3.66%, 4, 0, 9, 11456.03, 649867, 1365
66, 7, 91, 119, 71, 16, 3.80%, 4, 0, 9, 10939.90, 706245, 1415
71, 7, 114, 128, 68, 7, 3.81%, 4, 0, 9, 10656.48, 762414, 1421
76, 7, 87, 134, 66, 0, 3.81%, 4, 0, 10, 10207.18, 816079, 1421
81, 7, 87, 137, 68, 0, 3.83%, 4, 0, 10, 9160.08, 859788, 1429
87, 7, 105, 140, 68, 0, 4.28%, 4, 0, 10, 10206.77, 913194, 1596
92, 8, 37, 141, 68, 0, 4.28%, 4, 0, 10, 10471.66, 966586, 1596
97, 8, 105, 142, 69, 0, 4.28%, 4, 0, 10, 10459.77, 1020724, 1596
102, 8, 142, 144, 71, 1, 4.28%, 4, 0, 10, 10216.85, 1070757, 1596
107, 8, 102, 144, 70, 0, 4.28%, 4, 0, 10, 9278.68, 1116020, 1596
112, 8, 3, 144, 69, 0, 4.28%, 4, 0, 10, 10187.36, 1169920, 1596
117, 9, 111, 144, 69, 0, 4.28%, 4, 0, 10, 10659.04, 1225700, 1596
122, 9, 87, 144, 68, 0, 4.28%, 4, 0, 10, 10107.88, 1275843, 1596
128, 9, 144, 151, 75, 1, 4.28%, 4, 0, 11, 10520.53, 1330335, 1596
133, 9, 131, 153, 76, 0, 4.28%, 4, 0, 11, 10286.40, 1383276, 1596
138, 9, 19, 154, 77, 1, 4.29%, 4, 0, 11, 10288.89, 1434261, 1598
143, 9, 87, 154, 74, 0, 4.29%, 4, 0, 11, 10218.45, 1487927, 1598
148, 10, 138, 154, 74, 0, 4.29%, 4, 0, 11, 9584.00, 1537897, 1598
153, 10, 105, 154, 74, 0, 4.29%, 4, 0, 11, 10334.26, 1592678, 1598
159, 10, 105, 155, 73, 0, 4.29%, 4, 0, 11, 9547.53, 1640106, 1598
164, 10, 142, 156, 74, 0, 4.29%, 4, 0, 11, 9606.22, 1690509, 1598
169, 10, 105, 156, 74, 0, 4.29%, 4, 0, 11, 10368.71, 1743888, 1598
174, 11, 105, 156, 72, 0, 4.29%, 4, 0, 11, 10795.63, 1798529, 1598
179, 11, 87, 156, 72, 0, 4.29%, 4, 0, 11, 10667.37, 1853601, 1598
184, 11, 105, 156, 72, 0, 4.29%, 4, 0, 11, 10481.84, 1908172, 1598
189, 11, 154, 156, 71, 0, 4.29%, 4, 0, 11, 10064.55, 1957205, 1598
194, 11, 87, 156, 71, 0, 4.29%, 4, 0, 11, 10864.07, 2014628, 1598
199, 11, 54, 156, 71, 0, 4.29%, 4, 0, 11, 11280.10, 2071701, 1598
204, 12, 105, 156, 70, 0, 4.29%, 4, 0, 11, 9885.48, 2120847, 1598
210, 12, 87, 157, 69, 0, 4.29%, 4, 0, 11, 10581.63, 2177908, 1599
215, 12, 105, 157, 69, 0, 4.29%, 4, 0, 11, 10478.75, 2231995, 1599
220, 12, 157, 161, 72, 1, 6.20%, 4, 0, 11, 9445.94, 2277339, 2310
225, 12, 131, 162, 71, 1, 6.20%, 4, 0, 11, 9030.84, 2320048, 2310
230, 12, 114, 162, 69, 0, 6.20%, 4, 0, 11, 10848.00, 2378051, 2310
235, 12, 161, 162, 67, 0, 6.20%, 4, 0, 11, 10780.29, 2433761, 2310
240, 13, 78, 164, 69, 0, 6.20%, 4, 0, 11, 10229.11, 2485307, 2310
245, 13, 138, 164, 67, 0, 6.20%, 5, 0, 11, 10363.67, 2538137, 2310
251, 13, 166, 170, 72, 2, 6.22%, 5, 0, 11, 10859.62, 2594781, 2319
256, 13, 175, 177, 75, 6, 6.25%, 5, 0, 12, 11011.02, 2650543, 2329
261, 13, 87, 178, 69, 1, 6.25%, 5, 0, 12, 10671.64, 2705437, 2330
266, 13, 87, 179, 69, 0, 6.25%, 5, 0, 12, 10694.44, 2760390, 2330
271, 13, 161, 181, 68, 0, 6.25%, 5, 0, 12, 10857.88, 2817846, 2330
276, 13, 105, 181, 67, 0, 6.25%, 5, 0, 12, 11166.74, 2875557, 2330
281, 13, 105, 181, 66, 0, 6.25%, 5, 0, 12, 11236.12, 2933364, 2330
287, 14, 161, 181, 66, 0, 6.25%, 5, 0, 12, 10721.68, 2988564, 2330
292, 14, 37, 182, 67, 0, 6.25%, 5, 0, 12, 10834.61, 3045152, 2330
297, 14, 138, 183, 67, 0, 6.26%, 5, 0, 12, 11019.93, 3103447, 2333
302, 14, 84, 183, 67, 0, 6.26%, 5, 0, 12, 11100.82, 3160799, 2333
307, 14, 160, 185, 69, 2, 6.27%, 5, 0, 12, 10719.00, 3216404, 2335
312, 14, 105, 185, 67, 0, 6.27%, 5, 0, 12, 10877.56, 3271915, 2335
317, 14, 4, 187, 66, 0, 6.27%, 5, 0, 12, 10529.75, 3326505, 2336
323, 14, 187, 191, 70, 1, 6.30%, 5, 0, 13, 9915.23, 3375152, 2347
328, 15, 12, 192, 65, 0, 6.30%, 5, 0, 14, 10729.10, 3431371, 2348
333, 15, 105, 192, 65, 0, 6.30%, 5, 0, 14, 10380.33, 3482324, 2348
338, 15, 109, 193, 65, 0, 6.30%, 5, 0, 14, 10203.17, 3533404, 2349
342, 15, 28, 193, 65, 0, 6.30%, 5, 0, 14, 10619.34, 3572035, 2349
