# relative_time, cycles_done, cur_item, corpus_count, pending_total, pending_favs, map_size, saved_crashes, saved_hangs, max_depth, execs_per_sec, total_execs, edges_found
61, 0, 3, 12, 7, 0, 4.73%, 0, 0, 4, 255.37, 15552, 1763
66, 0, 4, 12, 7, 0, 4.73%, 0, 0, 4, 254.62, 16875, 1763
71, 0, 12, 15, 10, 1, 4.75%, 0, 0, 5, 254.49, 18172, 1770
76, 0, 12, 16, 11, 1, 4.78%, 0, 0, 5, 253.72, 19475, 1780
82, 0, 12, 16, 11, 1, 4.78%, 0, 0, 5, 253.78, 20790, 1780
87, 0, 12, 19, 14, 1, 4.81%, 0, 0, 5, 253.69, 22088, 1793
92, 0, 13, 20, 14, 6, 4.82%, 0, 0, 5, 253.99, 23387, 1796
97, 0, 19, 22, 15, 5, 4.83%, 0, 0, 6, 253.81, 24674, 1798
102, 0, 19, 24, 17, 5, 4.83%, 0, 0, 6, 252.20, 25945, 1799
107, 0, 19, 24, 17, 5, 4.83%, 0, 0, 6, 254.72, 27265, 1799
112, 0, 19, 24, 17, 5, 4.83%, 0, 0, 6, 255.71, 28585, 1799
117, 0, 19, 24, 17, 5, 4.83%, 0, 0, 6, 255.92, 29905, 1799
123, 0, 19, 24, 17, 5, 4.83%, 0, 0, 6, 252.65, 31210, 1799
128, 0, 19, 24, 17, 5, 4.83%, 0, 0, 6, 252.76, 32514, 1799
133, 0, 14, 24, 16, 6, 4.83%, 0, 0, 6, 252.38, 33795, 1799
138, 0, 17, 25, 16, 6, 4.84%, 0, 0, 6, 251.09, 35068, 1804
143, 0, 20, 25, 15, 5, 4.84%, 0, 0, 6, 250.16, 36342, 1804
148, 0, 20, 25, 15, 5, 4.84%, 0, 0, 6, 250.80, 37621, 1804
153, 0, 15, 26, 15, 4, 4.99%, 0, 0, 6, 253.37, 38920, 1859
158, 0, 16, 28, 16, 6, 4.99%, 0, 0, 6, 249.70, 40175, 1861
163, 0, 27, 29, 16, 6, 5.00%, 0, 0, 6, 253.21, 41474, 1865
169, 0, 25, 30, 16, 5, 5.01%, 0, 0, 7, 252.19, 42757, 1866
174, 0, 25, 30, 16, 5, 5.01%, 0, 0, 7, 231.99, 43928, 1866
179, 0, 26, 32, 17, 4, 5.03%, 0, 0, 7, 245.10, 45193, 1876
184, 0, 26, 33, 18, 4, 5.06%, 0, 0, 7, 251.43, 46499, 1886
189, 0, 29, 33, 17, 5, 5.06%, 0, 0, 7, 251.72, 47790, 1886
194, 0, 24, 33, 16, 4, 5.06%, 0, 0, 7, 251.20, 49067, 1886
199, 0, 31, 35, 17, 3, 5.07%, 1, 0, 8, 250.76, 50326, 1891
204, 0, 31, 35, 17, 3, 5.07%, 1, 0, 8, 253.81, 51644, 1891
209, 0, 33, 36, 17, 5, 5.08%, 1, 0, 8, 253.73, 52932, 1892
215, 0, 33, 36, 17, 5, 5.08%, 1, 0, 8, 254.07, 54223, 1892
220, 0, 32, 36, 16, 4, 5.08%, 1, 0, 8, 253.72, 55508, 1892
225, 0, 35, 36, 15, 3, 5.08%, 1, 0, 8, 252.72, 56801, 1892
230, 0, 35, 36, 15, 3, 5.08%, 1, 0, 8, 252.38, 58064, 1892
235, 0, 34, 36, 14, 2, 5.08%, 1, 0, 8, 250.44, 59367, 1892
240, 0, 34, 36, 14, 2, 5.08%, 1, 0, 8, 246.18, 60611, 1892
245, 0, 22, 36, 13, 1, 5.08%, 1, 0, 8, 250.99, 61874, 1892
250, 0, 1, 36, 12, 0, 5.08%, 1, 0, 8, 251.96, 63154, 1892
255, 0, 1, 36, 12, 0, 5.08%, 1, 0, 8, 250.48, 64456, 1892
260, 0, 1, 36, 12, 0, 5.08%, 1, 0, 8, 251.36, 65745, 1892
266, 0, 1, 36, 12, 0, 5.08%, 1, 0, 8, 251.13, 67042, 1892
271, 1, 1, 36, 12, 0, 5.08%, 1, 0, 8, 252.14, 68345, 1892
276, 1, 2, 36, 12, 0, 5.08%, 1, 0, 8, 250.93, 69637, 1892
281, 1, 19, 36, 12, 0, 5.08%, 1, 0, 8, 248.66, 70921, 1892
286, 1, 1, 36, 12, 0, 5.08%, 1, 0, 8, 249.25, 72186, 1892
291, 1, 16, 36, 12, 0, 5.08%, 1, 0, 8, 252.17, 73453, 1892
296, 1, 1, 37, 13, 1, 5.08%, 1, 0, 8, 252.33, 74720, 1893
301, 1, 5, 37, 13, 1, 5.08%, 1, 0, 8, 253.29, 76002, 1893
306, 1, 1, 37, 12, 1, 5.08%, 1, 0, 8, 253.96, 77280, 1893
311, 1, 36, 37, 12, 1, 5.08%, 1, 0, 8, 221.04, 78368, 1893
316, 1, 36, 38, 13, 1, 5.08%, 1, 0, 8, 242.75, 79652, 1894
321, 1, 1, 38, 12, 1, 5.08%, 1, 0, 8, 246.55, 80891, 1894
327, 1, 37, 39, 13, 1, 5.08%, 1, 0, 8, 248.90, 82191, 1894
332, 1, 1, 39, 12, 0, 5.08%, 1, 0, 8, 250.86, 83460, 1894
337, 1, 1, 39, 12, 0, 5.08%, 1, 0, 8, 251.59, 84754, 1894
342, 1, 17, 39, 12, 0, 5.08%, 1, 0, 8, 251.33, 86024, 1894
347, 1, 16, 39, 12, 0, 5.08%, 1, 0, 8, 250.96, 87284, 1894
352, 1, 1, 39, 12, 0, 5.08%, 1, 0, 8, 250.20, 88542, 1894
357, 1, 14, 39, 12, 0, 5.08%, 1, 0, 8, 251.75, 89804, 1894
362, 1, 1, 39, 12, 0, 5.08%, 1, 0, 8, 249.29, 91054, 1894
367, 1, 1, 39, 12, 0, 5.08%, 1, 0, 8, 236.52, 92241, 1894
370, 1, 1, 39, 12, 0, 5.08%, 1, 0, 8, 240.52, 92836, 1894
