# relative_time, cycles_done, cur_item, corpus_count, pending_total, pending_favs, map_size, saved_crashes, saved_hangs, max_depth, execs_per_sec, total_execs, edges_found
61, 0, 7, 16, 12, 3, 4.99%, 0, 0, 5, 194.25, 11494, 1860
66, 0, 7, 16, 12, 3, 4.99%, 0, 0, 5, 196.90, 12487, 1860
72, 0, 7, 16, 12, 3, 4.99%, 0, 0, 5, 194.69, 13495, 1860
77, 0, 7, 16, 12, 3, 4.99%, 0, 0, 5, 197.44, 14524, 1860
82, 0, 7, 16, 12, 3, 4.99%, 0, 0, 5, 193.57, 15523, 1860
87, 0, 7, 17, 13, 3, 4.99%, 0, 0, 5, 185.59, 16446, 1860
92, 0, 7, 17, 13, 3, 4.99%, 0, 0, 5, 189.17, 17427, 1860
97, 0, 7, 18, 14, 3, 5.00%, 0, 0, 5, 186.64, 18395, 1862
102, 0, 7, 18, 14, 3, 5.00%, 0, 0, 5, 192.49, 19385, 1862
108, 0, 7, 18, 14, 3, 5.00%, 0, 0, 5, 189.94, 20372, 1862
113, 0, 7, 19, 15, 3, 5.00%, 0, 0, 5, 185.83, 21331, 1863
118, 0, 7, 21, 17, 3, 5.00%, 0, 0, 5, 186.99, 22284, 1864
123, 0, 7, 21, 17, 3, 5.00%, 0, 0, 5, 178.35, 23178, 1864
128, 0, 7, 21, 17, 3, 5.00%, 0, 0, 5, 179.19, 24069, 1864
133, 0, 7, 21, 17, 3, 5.00%, 0, 0, 5, 179.09, 25014, 1864
138, 0, 7, 21, 17, 3, 5.00%, 0, 0, 5, 175.54, 25929, 1864
144, 0, 7, 21, 17, 3, 5.00%, 0, 0, 5, 180.74, 26871, 1864
149, 0, 7, 22, 18, 3, 5.00%, 0, 0, 5, 183.07, 27821, 1864
154, 0, 7, 22, 18, 3, 5.00%, 0, 0, 5, 181.54, 28724, 1864
159, 0, 7, 22, 18, 3, 5.00%, 0, 0, 5, 162.01, 29531, 1864
164, 0, 7, 22, 18, 3, 5.00%, 0, 0, 5, 168.58, 30374, 1864
169, 0, 7, 22, 18, 3, 5.00%, 0, 0, 5, 180.42, 31319, 1864
174, 0, 7, 22, 18, 3, 5.00%, 0, 0, 5, 178.67, 32240, 1864
179, 0, 7, 23, 19, 3, 5.00%, 0, 0, 5, 178.13, 33106, 1865
185, 0, 7, 23, 19, 3, 5.00%, 0, 0, 5, 180.24, 34075, 1865
190, 0, 7, 23, 19, 3, 5.00%, 0, 0, 5, 162.56, 34867, 1865
195, 0, 7, 23, 19, 3, 5.00%, 0, 0, 5, 167.25, 35722, 1865
200, 0, 7, 23, 19, 3, 5.00%, 0, 0, 5, 167.77, 36592, 1865
205, 0, 7, 23, 19, 3, 5.00%, 0, 0, 5, 174.36, 37486, 1865
210, 0, 7, 23, 19, 3, 5.00%, 0, 0, 5, 169.67, 38326, 1865
215, 0, 7, 23, 19, 3, 5.00%, 0, 0, 5, 157.51, 39124, 1865
220, 0, 7, 23, 19, 3, 5.00%, 0, 0, 5, 158.37, 39922, 1865
225, 0, 7, 24, 20, 3, 5.00%, 0, 0, 5, 185.38, 40900, 1865
231, 0, 12, 24, 19, 12, 5.00%, 0, 0, 5, 182.94, 41879, 1865
236, 0, 15, 24, 18, 11, 5.00%, 0, 0, 5, 167.98, 42741, 1865
241, 0, 15, 24, 18, 11, 5.00%, 0, 0, 5, 178.66, 43654, 1865
246, 0, 13, 24, 17, 10, 5.00%, 0, 0, 5, 186.57, 44606, 1865
251, 0, 13, 24, 17, 10, 5.00%, 0, 0, 5, 183.16, 45520, 1865
256, 0, 20, 24, 16, 9, 5.00%, 0, 0, 5, 180.36, 46454, 1865
261, 0, 14, 25, 16, 8, 5.01%, 0, 0, 6, 183.40, 47405, 1866
267, 0, 14, 25, 16, 8, 5.01%, 0, 0, 6, 189.88, 48377, 1866
272, 0, 1, 26, 16, 8, 5.01%, 0, 0, 6, 191.74, 49378, 1866
277, 0, 10, 26, 15, 7, 5.01%, 0, 0, 6, 191.84, 50368, 1866
282, 0, 11, 26, 14, 6, 5.01%, 0, 0, 6, 192.71, 51370, 1866
287, 0, 22, 26, 13, 5, 5.01%, 0, 0, 6, 192.39, 52360, 1866
292, 0, 22, 27, 14, 5, 5.01%, 0, 0, 6, 192.70, 53349, 1866
298, 0, 22, 27, 14, 5, 5.01%, 0, 0, 6, 192.16, 54339, 1866
303, 0, 9, 27, 13, 4, 5.01%, 0, 0, 6, 192.88, 55325, 1866
308, 0, 10, 28, 13, 3, 5.01%, 1, 0, 6, 192.69, 56320, 1866
313, 0, 10, 29, 14, 3, 5.01%, 1, 0, 6, 192.10, 57305, 1866
318, 0, 24, 29, 14, 3, 5.01%, 1, 0, 6, 193.58, 58308, 1866
323, 0, 24, 29, 14, 3, 5.01%, 1, 0, 6, 192.84, 59303, 1866
329, 0, 18, 30, 14, 2, 5.01%, 1, 0, 6, 192.45, 60297, 1866
334, 0, 18, 30, 14, 2, 5.01%, 1, 0, 6, 192.04, 61285, 1866
339, 0, 10, 30, 13, 1, 5.01%, 1, 0, 6, 192.37, 62276, 1866
344, 0, 10, 30, 13, 1, 5.01%, 1, 0, 6, 192.38, 63271, 1866
349, 0, 17, 31, 14, 1, 5.01%, 1, 0, 6, 193.61, 64271, 1868
354, 0, 17, 31, 14, 1, 5.01%, 1, 0, 6, 194.17, 65270, 1868
359, 0, 30, 31, 13, 1, 5.01%, 1, 0, 6, 192.28, 66246, 1868
365, 0, 3, 31, 12, 0, 5.01%, 1, 0, 6, 193.76, 67242, 1868
370, 0, 2, 31, 12, 0, 5.01%, 1, 0, 6, 193.79, 68238, 1868
375, 0, 18, 31, 12, 0, 5.01%, 1, 0, 6, 193.20, 69238, 1868
380, 0, 18, 31, 12, 0, 5.01%, 1, 0, 6, 193.42, 70234, 1868
385, 0, 2, 31, 12, 0, 5.01%, 1, 0, 6, 194.26, 71228, 1868
390, 0, 32, 33, 14, 2, 5.02%, 1, 0, 6, 184.78, 72170, 1870
395, 0, 2, 33, 12, 0, 5.02%, 1, 0, 6, 188.77, 73149, 1870
401, 0, 2, 33, 12, 0, 5.02%, 1, 0, 6, 179.13, 74019, 1870
406, 0, 10, 33, 12, 0, 5.02%, 1, 0, 6, 191.10, 75018, 1870
411, 0, 10, 33, 12, 0, 5.02%, 1, 0, 6, 177.54, 75902, 1870
416, 0, 18, 33, 12, 0, 5.02%, 1, 0, 6, 178.70, 76789, 1870
421, 0, 18, 33, 12, 0, 5.02%, 1, 0, 6, 182.77, 77741, 1870
426, 0, 2, 33, 12, 0, 5.02%, 1, 0, 6, 181.79, 78680, 1870
431, 0, 2, 33, 12, 0, 5.02%, 1, 0, 6, 192.75, 79694, 1870
436, 1, 13, 33, 12, 0, 5.02%, 1, 0, 6, 194.46, 80699, 1870
442, 1, 13, 33, 12, 0, 5.02%, 1, 0, 6, 187.05, 81676, 1870
447, 1, 24, 34, 13, 0, 5.05%, 1, 0, 7, 195.27, 82702, 1880
452, 1, 33, 34, 13, 1, 5.05%, 1, 0, 7, 193.29, 83696, 1880
457, 1, 33, 36, 15, 1, 5.07%, 1, 0, 8, 188.64, 84663, 1890
462, 1, 33, 36, 15, 1, 5.07%, 1, 0, 8, 193.75, 85668, 1890
467, 1, 33, 36, 15, 1, 5.07%, 1, 0, 8, 189.54, 86658, 1890
473, 1, 33, 36, 15, 1, 5.07%, 1, 0, 8, 188.77, 87636, 1890
478, 1, 33, 36, 15, 1, 5.07%, 1, 0, 8, 188.14, 88617, 1890
483, 1, 35, 36, 14, 2, 5.07%, 1, 0, 8, 180.99, 89547, 1890
488, 1, 35, 36, 14, 2, 5.07%, 1, 0, 8, 189.58, 90525, 1890
493, 1, 35, 36, 14, 2, 5.07%, 1, 0, 8, 194.07, 91536, 1890
498, 1, 35, 36, 14, 2, 5.07%, 1, 0, 8, 189.76, 92511, 1890
504, 1, 35, 36, 14, 2, 5.07%, 1, 0, 8, 183.72, 93474, 1890
509, 1, 34, 37, 14, 1, 5.08%, 1, 0, 9, 177.09, 94389, 1892
514, 1, 34, 37, 14, 1, 5.08%, 1, 0, 9, 181.97, 95337, 1892
519, 1, 34, 37, 14, 1, 5.08%, 1, 0, 9, 187.21, 96303, 1892
524, 1, 36, 37, 13, 1, 5.08%, 1, 0, 9, 185.73, 97248, 1892
529, 1, 36, 38, 14, 1, 5.08%, 1, 0, 10, 190.05, 98231, 1894
535, 1, 36, 38, 14, 1, 5.08%, 1, 0, 10, 190.23, 99218, 1894
540, 1, 36, 38, 14, 1, 5.08%, 1, 0, 10, 192.56, 100219, 1894
545, 1, 36, 38, 14, 1, 5.08%, 1, 0, 10, 189.38, 101204, 1894
550, 1, 36, 38, 14, 1, 5.08%, 1, 0, 10, 186.47, 102137, 1894
555, 1, 12, 38, 13, 1, 5.08%, 1, 0, 10, 191.07, 103124, 1894
560, 1, 10, 38, 13, 1, 5.08%, 1, 0, 10, 189.40, 104112, 1894
566, 1, 10, 38, 13, 1, 5.08%, 1, 0, 10, 186.15, 105076, 1894
571, 1, 2, 38, 13, 1, 5.08%, 1, 0, 10, 183.96, 106021, 1894
576, 1, 3, 38, 13, 1, 5.08%, 1, 0, 10, 187.10, 106984, 1894
581, 1, 37, 38, 13, 1, 5.08%, 1, 0, 10, 191.26, 107975, 1894
586, 1, 37, 38, 13, 1, 5.08%, 1, 0, 10, 192.28, 108968, 1894
592, 1, 37, 38, 13, 1, 5.08%, 1, 0, 10, 188.12, 109934, 1894
597, 1, 37, 38, 13, 1, 5.08%, 1, 0, 10, 188.70, 110903, 1894
602, 1, 2, 38, 12, 0, 5.08%, 1, 0, 10, 185.26, 111875, 1894
607, 1, 2, 38, 12, 0, 5.08%, 1, 0, 10, 175.82, 112757, 1894
612, 1, 2, 39, 13, 0, 5.08%, 1, 0, 10, 184.72, 113692, 1894
617, 1, 34, 39, 13, 0, 5.08%, 1, 0, 10, 186.33, 114649, 1894
617, 1, 34, 39, 13, 0, 5.08%, 1, 0, 10, 184.95, 114698, 1894
